[gd_scene format=3 uid="uid://fscg3cvw0wkx"]

[ext_resource type="Script" uid="uid://lgaols7rg430" path="res://scripts/items/adrenaberries.gd" id="1_8j2rk"]

[sub_resource type="SphereShape3D" id="SphereShape3D_v00l4"]
radius = 0.10999966

[sub_resource type="StandardMaterial3D" id="StandardMaterial3D_k3jgi"]
albedo_color = Color(0, 0.88, 0.52799994, 1)

[sub_resource type="SphereMesh" id="SphereMesh_0dpyl"]
material = SubResource("StandardMaterial3D_k3jgi")
radius = 0.05
height = 0.1

[node name="Adrenaberries" type="RigidBody3D" unique_id=1556617555]
script = ExtResource("1_8j2rk")
calories = 0.01
hydration = 0.02

[node name="CollisionShape3D" type="CollisionShape3D" parent="." unique_id=287243870]
shape = SubResource("SphereShape3D_v00l4")

[node name="MeshInstance3D" type="MeshInstance3D" parent="." unique_id=1496760656]
transform = Transform3D(0.6014386, 0, -0.798919, -0.70638967, 0.467143, -0.531781, 0.37320942, 0.8841818, 0.28095782, -0.0059286486, 5.7155266e-05, 0.04087836)
mesh = SubResource("SphereMesh_0dpyl")

[node name="MeshInstance3D5" type="MeshInstance3D" parent="." unique_id=1420166563]
transform = Transform3D(0.6014386, 0, -0.798919, -0.70638967, 0.467143, -0.531781, 0.37320942, 0.8841818, 0.28095782, 0.012306051, 0.027848886, 0.0039854087)
mesh = SubResource("SphereMesh_0dpyl")

[node name="MeshInstance3D2" type="MeshInstance3D" parent="." unique_id=1931304225]
transform = Transform3D(0.6014386, 0, -0.798919, -0.70638967, 0.467143, -0.531781, 0.37320942, 0.8841818, 0.28095782, -0.03256862, 0.019060731, -0.041838616)
mesh = SubResource("SphereMesh_0dpyl")

[node name="MeshInstance3D3" type="MeshInstance3D" parent="." unique_id=1303525364]
transform = Transform3D(0.6014386, 0, -0.798919, -0.70638967, 0.467143, -0.531781, 0.37320942, 0.8841818, 0.28095782, 0.052774124, 0.0054269293, -0.03463542)
mesh = SubResource("SphereMesh_0dpyl")

[node name="MeshInstance3D4" type="MeshInstance3D" parent="." unique_id=283053343]
transform = Transform3D(0.6014386, 0, -0.798919, -0.70638967, 0.467143, -0.531781, 0.37320942, 0.8841818, 0.28095782, -0.013342993, -0.038582325, -0.011383851)
mesh = SubResource("SphereMesh_0dpyl")
