[gd_scene load_steps=5 format=3 uid="uid://bj0xvww7mhdsv"]

[ext_resource type="Script" uid="uid://k7g0664h0avw" path="res://scripts/items/berries.gd" id="1_x03pv"]

[sub_resource type="SphereShape3D" id="SphereShape3D_v00l4"]
radius = 0.10999966

[sub_resource type="StandardMaterial3D" id="StandardMaterial3D_k3jgi"]
albedo_color = Color(1, 0, 0.17254902, 1)

[sub_resource type="SphereMesh" id="SphereMesh_0dpyl"]
material = SubResource("StandardMaterial3D_k3jgi")
radius = 0.05
height = 0.1

[node name="Berries" type="RigidBody3D"]
script = ExtResource("1_x03pv")
calories = 0.02
hydration = 0.04

[node name="CollisionShape3D" type="CollisionShape3D" parent="."]
shape = SubResource("SphereShape3D_v00l4")

[node name="MeshInstance3D" type="MeshInstance3D" parent="."]
transform = Transform3D(0.6014386, 0, -0.798919, -0.70638967, 0.467143, -0.531781, 0.37320942, 0.8841818, 0.28095782, -0.0059286486, 5.7155266e-05, 0.04087836)
mesh = SubResource("SphereMesh_0dpyl")

[node name="MeshInstance3D5" type="MeshInstance3D" parent="."]
transform = Transform3D(0.6014386, 0, -0.798919, -0.70638967, 0.467143, -0.531781, 0.37320942, 0.8841818, 0.28095782, 0.012306051, 0.027848886, 0.0039854087)
mesh = SubResource("SphereMesh_0dpyl")

[node name="MeshInstance3D2" type="MeshInstance3D" parent="."]
transform = Transform3D(0.6014386, 0, -0.798919, -0.70638967, 0.467143, -0.531781, 0.37320942, 0.8841818, 0.28095782, -0.03256862, 0.019060731, -0.041838616)
mesh = SubResource("SphereMesh_0dpyl")

[node name="MeshInstance3D3" type="MeshInstance3D" parent="."]
transform = Transform3D(0.6014386, 0, -0.798919, -0.70638967, 0.467143, -0.531781, 0.37320942, 0.8841818, 0.28095782, 0.052774124, 0.0054269293, -0.03463542)
mesh = SubResource("SphereMesh_0dpyl")

[node name="MeshInstance3D4" type="MeshInstance3D" parent="."]
transform = Transform3D(0.6014386, 0, -0.798919, -0.70638967, 0.467143, -0.531781, 0.37320942, 0.8841818, 0.28095782, -0.013342993, -0.038582325, -0.011383851)
mesh = SubResource("SphereMesh_0dpyl")
