[gd_scene load_steps=6 format=3 uid="uid://ducnqa735tcfv"]

[ext_resource type="Script" uid="uid://c2t26wgb0xi7l" path="res://scripts/items/waterberries.gd" id="1_5b4vl"]
[ext_resource type="Texture2D" uid="uid://b81d3fwfag0b7" path="res://assets/textures/surface/grass.png" id="2_5b4vl"]

[sub_resource type="SphereShape3D" id="SphereShape3D_v00l4"]
radius = 0.10999966

[sub_resource type="StandardMaterial3D" id="StandardMaterial3D_k3jgi"]
albedo_color = Color(0, 0.5333333, 1, 1)
normal_enabled = true
normal_texture = ExtResource("2_5b4vl")
rim = 0.25
heightmap_scale = 4.435
subsurf_scatter_strength = 1.0

[sub_resource type="SphereMesh" id="SphereMesh_0dpyl"]
material = SubResource("StandardMaterial3D_k3jgi")
radius = 0.05
height = 0.1

[node name="Waterberries" type="RigidBody3D"]
script = ExtResource("1_5b4vl")
calories = 0.015
hydration = 0.12

[node name="CollisionShape3D" type="CollisionShape3D" parent="."]
shape = SubResource("SphereShape3D_v00l4")

[node name="MeshInstance3D" type="MeshInstance3D" parent="."]
transform = Transform3D(0.6014386, 0, -0.798919, -0.70638967, 0.467143, -0.531781, 0.37320942, 0.8841818, 0.28095782, -0.0059286486, 5.7155266e-05, 0.04087836)
mesh = SubResource("SphereMesh_0dpyl")

[node name="MeshInstance3D5" type="MeshInstance3D" parent="."]
transform = Transform3D(0.5861797, -0.67128044, -0.45362523, -0.7670566, -0.2795944, -0.577452, 0.26080126, 0.68644696, -0.67880267, 0.012306051, 0.027848886, 0.0039854087)
mesh = SubResource("SphereMesh_0dpyl")

[node name="MeshInstance3D2" type="MeshInstance3D" parent="."]
transform = Transform3D(-0.4697918, -0.08103014, 0.8790505, 0.80000657, -0.46006167, 0.38514003, 0.37320942, 0.88418174, 0.2809578, -0.03256862, 0.019060731, -0.041838616)
mesh = SubResource("SphereMesh_0dpyl")

[node name="MeshInstance3D3" type="MeshInstance3D" parent="."]
transform = Transform3D(0.6014386, 0, -0.798919, -0.70638967, 0.467143, -0.531781, 0.37320942, 0.8841818, 0.28095782, 0.052774124, 0.0054269293, -0.03463542)
mesh = SubResource("SphereMesh_0dpyl")

[node name="MeshInstance3D4" type="MeshInstance3D" parent="."]
transform = Transform3D(0.6014386, 0, -0.798919, -0.70638967, 0.467143, -0.531781, 0.37320942, 0.8841818, 0.28095782, -0.013342993, -0.038582325, -0.011383851)
mesh = SubResource("SphereMesh_0dpyl")
